0.74491142 0.72178695 -0.03613612
0.74929504 0.7664164 -0.02666219
0.71917864 0.67489277 -0.0402016
0.72876268 0.68194997 -0.03814013
0.75998087 0.73445732 -0.03250574
0.75480198 0.70770049 -0.03195881
0.75480198 0.70770049 -0.03195881
0.76036235 0.72518663 -0.02714058
0.73656193 0.7010916 -0.02156325
0.72155672 0.70430935 -0.02545532
0.74630778 0.68385613 -0.03227144
0.74109886 0.73663018 -0.03113164
0.68184971 0.56454556 -0.04726353
0.69476392 0.62609134 -0.03120239
0.74298605 0.70747768 -0.02934789
0.75361382 0.72939097 -0.03291488
0.71814653 0.69558028 -0.02438756
0.6674547 0.49334544 -0.04760041
0.71518485 0.6417243 -0.02581363
0.74506181 0.70794189 -0.02574222
0.74972899 0.7332161 -0.03214076
0.70452048 0.6031251 -0.0390332
0.75171386 0.70429801 -0.03290732
0.67602359 0.55070685 -0.0398973
0.77991925 0.76874238 -0.02470979
0.78506529 0.78446796 -0.02674754
0.76244823 0.72308123 -0.02607176
0.76068398 0.7449357 -0.03100457
0.74423177 0.76363656 -0.02143383
0.73730782 0.69474674 -0.02762456
0.74937324 0.73618304 -0.02957061
0.76733244 0.75998211 -0.02888514
0.7370085 0.72850621 -0.02635618
0.7370085 0.72850621 -0.02635618
0.74086636 0.69326487 -0.0368648
0.76183392 0.75432258 -0.03789774
0.73049074 0.6729286 -0.05174852
0.72415588 0.67293758 -0.04957394
0.75591425 0.76405822 -0.04688059
0.7550895 0.71910303 -0.05287356
0.76246699 0.73717745 -0.04787479
0.74256278 0.67552522 -0.06398641
0.75315075 0.6942796 -0.05210995
0.56258961 0.20441748 -0.10216687
0.74045775 0.70107538 -0.04835919
0.75346544 0.72912412 -0.05113256
0.48650488 0.15680039 -0.09720282
0.75350562 0.73330995 -0.04670583
0.73287438 0.73167898 -0.03958011
0.75059885 0.71322712 -0.04521974
0.73795774 0.68573292 -0.04535684
0.74428488 0.74214139 -0.03545736
0.67025286 0.55274934 -0.06125465
0.63817297 0.49585175 -0.06620188
0.41846633 0.15036615 -0.08365278
0.39436153 0.10819214 -0.09100656
0.68989578 0.60929948 -0.04966706
0.53044465 0.12306078 -0.09836409
0.71124608 0.65570719 -0.04192851
0.68305863 0.60841933 -0.03335588
0.75937934 0.70472472 -0.02701533
0.53706743 0.20953312 -0.07956686
0.72262526 0.63215115 -0.03175445
0.57227228 0.23598354 -0.07646176
0.71835738 0.61614668 -0.03815628
0.74649285 0.69107695 -0.02360757
0.57227228 0.23598354 -0.07646176
0.68414113 0.48755228 -0.0505592
0.72558248 0.62077455 -0.03419255
0.75108097 0.71124514 -0.02148629
0.68414113 0.48755228 -0.0505592
0.67086297 0.38945548 -0.06837334
0.66426967 0.42305795 -0.06871031
0.7728795 0.74980089 -0.02541606
0.49399629 0.11669485 -0.0837502
0.74670309 0.7108446 -0.02657479
0.47965515 0.08766607 -0.08717792
0.43400683 0.11810922 -0.06519112
0.71821751 0.63837772 -0.03743449
0.48668944 0.20254902 -0.06376556
0.51915746 0.08008157 -0.09202515
0.7219233 0.66551439 -0.02316153
0.52162064 0.10158482 -0.0896796
0.47958771 0.12023314 -0.0702003
0.52392704 0.10853173 -0.09195257
0.51522704 0.31874193 -0.05229808
0.75955873 0.69706702 -0.0313001
0.63569921 0.42858879 -0.04573733
0.4241545 0.08245951 -0.07933108
0.70199182 0.60236367 -0.0349079
0.49687061 0.06166107 -0.09514192
0.72681224 0.6616492 -0.02560453
0.72827494 0.64782462 -0.02817114
0.72827494 0.64782462 -0.02817114
0.74658638 0.68680991 -0.02710538
0.72827494 0.64782462 -0.02817114
0.76206509 0.71177553 -0.02350218
0.72827494 0.64782462 -0.02817114
0.72827494 0.64782462 -0.02817114
0.52440989 0.09305462 -0.09583763
0.70487562 0.60242586 -0.04007359
0.65205394 0.50067693 -0.0413214
0.61413685 0.33563955 -0.06899702
0.66737769 0.45473744 -0.05347528
0.57238394 0.2804251 -0.06152543
0.75186887 0.67249348 -0.02301653
0.52917943 0.11508047 -0.08935415
0.72827494 0.64782462 -0.02817114
0.74714854 0.6876879 -0.02994999
0.72063532 0.64422336 -0.03196105
0.72063532 0.64422336 -0.03196105
0.72827494 0.64782462 -0.02817114
0.72827494 0.64782462 -0.02817114
0.72827494 0.64782462 -0.02817114
0.72827494 0.64782462 -0.02817114
0.72827494 0.64782462 -0.02817114
0.72827494 0.64782462 -0.02817114
0.72827494 0.64782462 -0.02817114
0.72681224 0.6616492 -0.02560453
0.72827494 0.64782462 -0.02817114
0.72827494 0.64782462 -0.02817114
0.76685211 0.74360454 -0.02548046
0.72063532 0.64422336 -0.03196105
0.74714854 0.6876879 -0.02994999
0.72827494 0.64782462 -0.02817114
0.75469436 0.72013586 -0.02209304
0.72063532 0.64422336 -0.03196105
0.72827494 0.64782462 -0.02817114
0.58911508 0.3773429 -0.04714309
0.43890057 0.13531479 -0.0652553
0.52812302 0.13704827 -0.08861027
0.52812302 0.13704827 -0.08861027
0.49919969 0.15182662 -0.07930192
0.66083309 0.40120861 -0.06439559
0.56276516 0.11334336 -0.09407223
0.46645309 0.08294037 -0.08073585
0.66471514 0.53700494 -0.04563424
0.43105111 0.0504818 -0.07779607
0.69437141 0.65133 -0.03724039
0.4257064 0.02130323 -0.09247635
0.67039758 0.7148823 -0.01058872
0.39789752 0.01548042 -0.0829196
0.68275733 0.61070312 -0.03221254
0.5090837 0.1562289 -0.07329651
0.55077225 0.2874057 -0.04669649
0.61528892 0.30271237 -0.06523009
0.46712287 0.02939556 -0.08722784
0.73627006 0.73447522 -0.02062999
0.44033841 0.07950657 -0.08586167
0.70462454 0.57882238 -0.03372035
0.70550355 0.60705101 -0.03650794
0.68312122 0.47730809 -0.05251922
0.4506611 0.0632886 -0.06807138
0.73858941 0.7076129 -0.01723815
0.54659581 0.12722138 -0.0888192
0.57914613 0.28882392 -0.05793823
0.49996364 0.11982862 -0.08438274
0.46638661 0.16070455 -0.06752
0.58081376 0.23809294 -0.07432382
0.43761068 0.08800953 -0.07577319
0.69266587 0.56757619 -0.02829907
0.49280956 0.04888403 -0.09580285
0.49280956 0.04888403 -0.09580285
0.70952652 0.60682475 -0.03939505
0.55325931 0.09373417 -0.09103694
0.46495948 0.10308727 -0.06930408
0.4984196 0.29476521 -0.04267164
0.58939215 0.17814639 -0.08776092
0.54963587 0.10779075 -0.08405717
0.67876504 0.53281716 -0.04126307
0.4719734 0.07504362 -0.08727375
0.73393321 0.6464624 -0.02743206
0.62764144 0.31148696 -0.06705757
0.73393321 0.6464624 -0.02743206
0.73393321 0.6464624 -0.02743206
0.73393321 0.6464624 -0.02743206
0.72634212 0.64807755 -0.02875139
0.72953163 0.63687366 -0.03118817
0.53905319 0.06536068 -0.09272993
0.73965188 0.66357897 -0.02177646
0.76905579 0.73994915 -0.01785119
0.72195466 0.62437393 -0.02016268
0.52935222 0.11280612 -0.09022032
0.7482011 0.69681856 -0.02166702
0.45340514 0.07192588 -0.08029134
0.71742911 0.61374171 -0.03108872
0.7482011 0.69681856 -0.02166702
0.72847047 0.61227558 -0.03435238
0.72591338 0.62469024 -0.03178965
0.46642829 0.13421645 -0.0702322
0.72226545 0.63517112 -0.0293921
0.4590553 0.1275978 -0.06945305
0.74221908 0.69245372 -0.02715729
0.76423806 0.77526563 -0.02165149
0.74203316 0.75165907 -0.02150784
0.73657056 0.70201558 -0.01827508
0.73111248 0.72992784 -0.02097751
0.40687028 0.05348468 -0.07236474
0.50768225 0.00191293 -0.11794608
0.61368024 0.45713489 -0.04088386
0.7086165 0.71574551 -0.02312135
0.6933457 0.67333421 -0.01640552
0.50537892 0.0732319 -0.0722343
0.71372286 0.73166169 0.00093362
0.66864899 0.66096223 0.00261225
0.44770026 0.27747088 -0.01598655
0.41484842 0.02879039 -0.05818569
0.43288172 0.00178725 -0.06808731
0.5367161 0.48834099 0.00231991
0.40144329 0.02437499 -0.05118695
0.47870493 0.23964062 -0.02436775
0.4531037 -0.00126161 -0.05251926
0.64060402 0.57034603 0.01959304
0.41458599 0.00298464 -0.04358752
0.41833537 0.02462227 -0.02238004
0.43021305 -0.00554288 -0.02789038
0.4221529 0.01608333 -0.01864798
0.44629451 0.00481644 -0.01216812
0.42644966 0.04651878 0.00805455
0.43622149 0.00336458 0.00931218
0.41023354 -0.03575021 0.02207436
0.4613094 0.02833567 0.034047
0.4512726 -0.01050264 0.0328887
0.45035169 -0.0026061 0.04616318
0.45230906 0.02357434 0.05350732
0.47126062 0.03280696 0.06980081
0.49007076 0.04097823 0.06948967
0.49460111 0.04026849 0.06695719
0.51273755 0.08793712 0.10631355
0.53743958 0.09812471 0.11838863
0.5543987 0.10101472 0.13058945
0.56807456 0.09556418 0.14549797
0.57502276 0.10391693 0.15571206
0.56115325 0.12243028 0.18710622
0.58603258 0.14557803 0.20275885
0.5692164 0.11080633 0.22255928
0.57580591 0.0967606 0.23148504
0.51921996 0.0495654 0.23691624
0.53176486 0.02827551 0.26548802
0.52754099 0.02393393 0.25642833
0.56986429 0.04122036 0.2682969
0.56039299 0.00418094 0.26262984
0.58118286 0.0148039 0.26148993
0.57487709 0.03772295 0.26743819
0.58564125 0.07190024 0.27117526
0.58392069 0.02393782 0.2649502
0.57526331 0.00488304 0.25777643
0.56456317 0.00045185 0.26137007
0.59067489 -0.00923628 0.25497607
0.56462356 -0.01326349 0.25149871
0.58200711 -0.00049266 0.25194427
0.56855133 -0.00955156 0.23252298
0.57011836 -0.02073153 0.22924832
0.55499088 -0.02744368 0.2434711
0.5657585 -0.01966492 0.23223544
0.53177816 -0.04515107 0.22913661
0.51960341 -0.06386869 0.22202927
0.55150176 -0.05424887 0.20482228
0.51634251 -0.10215955 0.1931037
0.47799495 -0.1229471 0.18354692
0.47102436 -0.11989111 0.18180536
0.46306675 -0.13596383 0.16602133
0.45440837 -0.12765788 0.18379961
0.42458024 -0.13693213 0.17841746
0.43668708 -0.14152952 0.17239747
0.45035386 -0.14669991 0.15875577
0.4040065 -0.15119488 0.16446087
0.40481719 -0.17465038 0.15128833
0.39883307 -0.16902098 0.15446282
0.40418956 -0.19660522 0.14159267
0.40891699 -0.17302862 0.13915237
0.38549004 -0.15479342 0.14555008
0.41793538 -0.17442403 0.13475068
0.39833457 -0.18836173 0.12965547
0.39794632 -0.21745279 0.11715254
0.37920241 -0.19111867 0.12132191
0.39428383 -0.19677106 0.11298227
0.39554365 -0.19354819 0.10734925
0.39227715 -0.19479202 0.09411807
0.3780809 -0.2096293 0.10031357
0.39139522 -0.20258859 0.08709164
0.40332749 -0.18964988 0.08011872
0.39454708 -0.19560019 0.07598185
0.40554397 -0.20422737 0.07915314
0.38149119 -0.20195737 0.07726988
0.40676758 -0.20187717 0.07180577
0.38399971 -0.18782921 0.07272296
0.36895623 -0.20387485 0.0663145
0.39239783 -0.17650822 0.07132033
0.36874118 -0.18657478 0.05963344
0.38001922 -0.19803287 0.05530753
0.38846404 -0.15972989 0.0546189
0.3301826 -0.18903669 0.05349795
0.33825231 -0.16581534 0.04749515
0.34521392 -0.1674861 0.0430804
0.35528658 -0.16743786 0.03740341
0.3569873 -0.16693008 0.03208707
0.36234198 -0.14922317 0.02339265
0.36456456 -0.1883242 0.00760379
0.35928279 -0.16450051 0.00729578
0.38289828 -0.15522333 -0.00140357
0.37490686 -0.15088796 -0.00354282
0.37490686 -0.15088796 -0.00354282
0.39892149 -0.13417562 -0.00234908
0.38809007 -0.14458255 -0.00503928
0.3763962 -0.15069349 -0.00203672
0.40743883 -0.10863757 0.01641772
0.41545231 -0.1114998 0.0095125
0.40806791 -0.1063127 0.01822652
0.42248962 -0.10736205 0.02721773
0.44639689 -0.04714955 0.03097368
0.46771107 -0.04813389 0.02668606
0.46871696 -0.04456785 0.03032583
0.47333328 -0.05404562 0.02799862
0.44328491 -0.04686065 0.03648851
0.43352986 -0.03519117 0.04116515
0.43047712 -0.07435333 0.02464141
0.43609216 -0.05066662 0.03426937
0.43219412 -0.06290821 0.02856041
0.45731703 -0.07518789 0.03089712
0.44006703 -0.09303739 0.02448342
0.46027344 -0.09885723 0.0245895
0.46428799 -0.08672234 0.02047096
0.46343966 -0.05822261 0.02231516
0.47670259 -0.05619134 0.01686556
0.48837766 -0.03336866 0.02114231
0.49442555 -0.04728264 0.01685521
0.50337546 -0.06326357 0.01704446
0.509206 -0.05498959 0.01678757
0.49460042 -0.0745238 0.01466713
0.51550644 -0.03838136 0.01918879
0.49493971 -0.07331265 0.01428022
0.48845569 -0.0723197 0.00821328
0.46957551 -0.10026683 0.01235328
0.47920031 -0.09447931 0.01664184
0.47366532 -0.0748861 0.01088226
0.48580857 -0.05124421 0.01665195
0.51250662 -0.05798535 0.01007386
0.4800112 -0.07775137 0.01172012
0.46155756 -0.08197017 0.01387735
0.45161153 -0.10303509 0.00215051
0.446708 -0.11610551 0.00463973
0.49206128 -0.09620829 0.00448547
0.46867044 -0.07634476 0.00042794
0.47084561 -0.06170526 0.007672
0.46496838 -0.09921781 0.01280907
0.43526447 -0.06731748 0.01010099
0.47745921 -0.06801725 0.00880947
0.4565909 -0.08305217 0.01272535
0.45687109 -0.10088831 -0.00537703
0.44373639 -0.07520852 0.00367054
0.46374299 -0.08061513 -0.00023635
0.47578563 -0.07041875 -0.00087904
0.47578563 -0.07041875 -0.00087904
0.46589897 -0.0769747 -0.00536444
0.46078864 -0.09931603 -0.00878941
0.44020287 -0.11344338 -0.00883841
0.45574138 -0.10295481 0.00065031
0.45404051 -0.07849701 0.00108528
0.44595247 -0.10883502 -0.00366608
0.44595247 -0.10883502 -0.00366608
0.45083565 -0.09553759 -0.00612871
0.42863373 -0.07790527 0.00994403
0.44018576 -0.05291844 0.01904568
0.42662464 -0.04147447 0.01599108
0.4334832 -0.07886283 0.01590966
0.42078592 -0.05708794 0.01206457
0.4586475 -0.04968887 0.01518055
0.41838159 -0.09521495 0.01206116
0.43909497 -0.06051588 0.00634319
0.43225172 -0.08263739 0.00633871
0.44277243 -0.09717909 0.00796842
0.45638164 -0.08784759 0.00275001
0.44156081 -0.11928239 0.00350261
0.47565353 -0.09619318 0.01220294
0.46861035 -0.11432245 -0.00305655
0.48152964 -0.10083521 0.01024946
0.48303097 -0.07851439 0.01823618
0.50006662 -0.02870765 0.01397553
0.49264545 -0.04604838 0.01180638
0.51659372 -0.05598837 0.00545665
0.4899322 -0.06412542 0.01054905
0.46605437 -0.05021161 0.02061268
0.48686529 -0.07562289 0.01138173
0.47515363 -0.08717154 0.00178349
0.50153989 -0.04468339 0.01166565
0.47776558 -0.07703271 0.00713044
0.49401099 -0.10936691 -0.00411728
0.49500719 -0.10137131 -0.00023527
0.51714144 -0.08164272 0.01788284
0.51964578 -0.05498296 0.01221202
0.53082549 -0.02733204 0.01130792
0.51677686 -0.05085744 0.01294258
0.52179248 -0.0308557 0.01409189
0.52872671 -0.03712515 0.00381238
0.52212204 -0.05743669 -0.00989397
0.53618091 -0.03400363 -0.01377883
0.53664153 -0.01686464 0.00511782
0.54118856 -0.04052263 -0.00573993
0.52956929 -0.0306318 -0.00378293
0.5216283 -0.02055394 -0.00944536
0.53828055 -0.02037496 -0.01794969
0.53904361 -0.02437905 -0.01245076
0.500606 -0.05106642 -0.02043773
0.5426977 0.02526678 -0.01089997
0.5137398 -0.02437503 -0.01312638
0.50450326 -0.04457904 -0.01703849
0.5018242 -0.04090913 -0.02755795
0.48957603 -0.06681805 -0.02651135
0.51576509 -0.02359745 -0.0132828
0.48731623 -0.03882049 -0.01644199
0.48130831 -0.03364586 -0.01905773
0.49011255 -0.04213897 -0.0190182
0.50262895 -0.00538282 -0.02135629
0.5121857 0.04460738 -0.01880995
0.50107043 0.03757911 -0.01534938
0.50402887 0.03282065 -0.02276561
0.47925556 -0.01482101 -0.03459264
0.4898062 0.01493211 -0.02875391
0.53763603 0.02701238 -0.04288321
0.48922304 -0.00879349 -0.04142964
0.51919391 0.01015361 -0.04511429
0.48943588 0.02090454 -0.04758548
0.48615458 0.00864966 -0.04883609
0.4909842 0.00217767 -0.05999025
0.48086437 0.002098 -0.06113454
0.44152021 -0.04468097 -0.07613119
0.44272694 -0.03696511 -0.07920146
0.44174969 -0.01014925 -0.08534843
0.42420974 -0.03129512 -0.08908223
0.445202 -0.01537886 -0.10275787
0.42697516 -0.0060763 -0.10406509
0.42034229 -0.0114923 -0.11532569
0.39588517 0.02383185 -0.12313852
0.38113886 -0.01865123 -0.14601546
0.38503387 -0.0015956 -0.15465155
0.32004273 0.01738447 -0.17185957
0.30749027 0.01979634 -0.18269572
0.32533736 0.05046341 -0.19149025
0.30015257 0.01734484 -0.19886488
0.31984367 0.04361957 -0.20337326
0.29987721 0.03231183 -0.22038268
0.33128606 0.03652771 -0.23209669
0.34115953 0.035142 -0.2298671
0.33165188 0.056375 -0.23870547
0.31479445 0.00066619 -0.25526786
0.33646399 0.08830782 -0.2649028
0.32711344 0.06278231 -0.27169049
0.30426802 0.0513806 -0.27687297
0.30815401 0.07152105 -0.28792185
0.3081296 0.05921062 -0.29461974
0.28382805 0.04515367 -0.30365571
0.3079697 0.07149205 -0.31290808
0.28993255 0.04797041 -0.32459057
0.27729259 0.04004247 -0.3134772
0.2833513 0.05337624 -0.31797443
0.26755144 0.05267869 -0.32167291
0.2712111 0.06384837 -0.31642118
0.27848297 0.08438855 -0.31220284
0.31050183 0.0951157 -0.31351118
0.32223197 0.04177939 -0.32203522
0.2965012 0.03938314 -0.321132
0.31970915 0.06946623 -0.32322729
0.31170732 0.07894815 -0.33076464
0.35096366 0.12959769 -0.33450917
0.30550904 0.07271181 -0.33726137
0.36061858 0.11622529 -0.33444716
0.35470405 0.10683769 -0.34526101
0.37844923 0.17873544 -0.33431951
0.3502588 0.18565933 -0.32492654
0.34560861 0.1074752 -0.33507872
0.35421081 0.11390246 -0.32740328
0.37900254 0.12669279 -0.32503132
0.34212865 0.08018251 -0.32152313
0.35344167 0.09271761 -0.31492629
0.34161906 0.05163798 -0.31988614
0.39337807 0.11745781 -0.31887631
0.40867872 0.12993128 -0.30171805
0.44985815 0.29416032 -0.27933002
0.59721492 0.64390827 -0.25093394
0.59019279 0.65676842 -0.23193269
0.63328478 0.73666447 -0.21475781
0.42357191 0.07178117 -0.27901894
0.60561959 0.67581606 -0.21365954
0.63171992 0.70773334 -0.21290776
0.56750561 0.47448902 -0.23641237
0.60256383 0.6266165 -0.20308853
0.46293721 0.09444874 -0.26521491
0.65079096 0.70321649 -0.19286436
0.55558986 0.28115999 -0.24622615
0.43164118 0.05453844 -0.25020936
0.41338766 0.13390298 -0.23079496
0.60124885 0.58536288 -0.1811825
0.66601498 0.71668218 -0.17255062
0.33353156 0.16981657 -0.1875595
0.67751319 0.75754761 -0.1463611
0.70017667 0.76517762 -0.14717839
0.5289091 0.31578115 -0.18971012
0.65157349 0.67200625 -0.14090724
0.68674011 0.72248917 -0.12995096
0.67459096 0.69662834 -0.12733026
0.6614543 0.63110056 -0.12055371
0.70425992 0.75863669 -0.10207528
0.66809642 0.63565673 -0.09564153
0.70938023 0.71624267 -0.08609005
0.67254976 0.67914561 -0.08643225
0.71219259 0.72968062 -0.07567236
0.70659566 0.71771884 -0.06934554
0.70035184 0.74380256 -0.06022834
0.72577504 0.76102013 -0.05791063
0.73013618 0.78580083 -0.05873609
0.72619951 0.75264898 -0.0619907
0.71458373 0.74759377 -0.06549123
0.74494642 0.79847328 -0.05992352
0.7174766 0.76414689 -0.05576451
0.73112164 0.75316071 -0.06024455
0.74506629 0.77236052 -0.04721477
0.74388777 0.79288613 -0.05065894
0.67970954 0.62345323 -0.06734602
0.74045551 0.79213546 -0.04570779
0.73079322 0.73325844 -0.05560036
0.70330299 0.69019289 -0.05517217
0.71283424 0.68821194 -0.05544106
0.70049118 0.71355329 -0.04219892
0.52975216 0.08412407 -0.11476367
0.49062 0.07399516 -0.10735467
0.58893955 0.43173662 -0.05890975
0.6345608 0.54596477 -0.04629302
0.70539996 0.63757329 -0.0397284
0.50413912 0.13794404 -0.08823483
0.57258944 0.25632382 -0.07590439
0.63587221 0.47063712 -0.05159948
0.42898802 0.13915819 -0.06919718
0.61684992 0.34634512 -0.06428246
0.70733835 0.65750001 -0.03058878
0.7206213 0.68781623 -0.03016577
0.72386571 0.71206877 -0.02869971
0.68006787 0.59964791 -0.03807479
0.72407726 0.66831525 -0.03752771
0.7156166 0.71780097 -0.02573586
0.70584671 0.67689644 -0.03136922
0.63697925 0.4635745 -0.05639197
0.75484214 0.7594342 -0.02429207
0.731246 0.72312971 -0.02889946
0.731246 0.72312971 -0.02889946
0.72736223 0.71284829 -0.03417773
0.72736223 0.71284829 -0.03417773
0.72483844 0.7248151 -0.03185082
0.72793885 0.70610868 -0.03904179
0.70566306 0.6398095 -0.04465454
0.70566306 0.6398095 -0.04465454
0.70681733 0.6953239 -0.03545074
0.74626316 0.73561019 -0.03665708
0.71362061 0.65952166 -0.0446896
0.72373129 0.72957784 -0.04275804
0.73472732 0.70421336 -0.05370776
0.72281103 0.69677232 -0.0508257
0.74121268 0.73316602 -0.05694528
0.74384771 0.74553575 -0.05090427
0.74232307 0.71225995 -0.05046106
0.74374297 0.72791201 -0.05644271
0.72926937 0.69109664 -0.06152286
0.73469957 0.71709676 -0.06221504
0.70985788 0.67150372 -0.06567837
0.70163629 0.63995236 -0.0717006
0.72555689 0.72463491 -0.06854624
0.72545018 0.71538137 -0.07275715
0.73203255 0.71437232 -0.06987073
0.72953941 0.6953868 -0.06742898
0.74192804 0.73061744 -0.07990937
0.69631752 0.66637354 -0.08826216
0.72911779 0.72721305 -0.08777223
0.76296642 0.77286827 -0.08627935
0.6363303 0.49495045 -0.11338061
0.74082832 0.7392946 -0.0907757
0.73599378 0.70574897 -0.09404168
0.71919443 0.69279575 -0.09538973
0.72865533 0.7032203 -0.10248963
0.70660747 0.70654466 -0.09194787
0.72046097 0.67039611 -0.10209513
0.6577385 0.55969472 -0.10575311
0.72239599 0.7242632 -0.10561041
0.69580457 0.66443321 -0.10192654
0.68954634 0.66733102 -0.10543602
0.69135591 0.68699999 -0.10427979
0.58640453 0.49809866 -0.11404866
0.72105373 0.7140848 -0.09950241
0.64027321 0.57289325 -0.11380657
0.52791965 0.33243811 -0.13771742
0.70853304 0.70345044 -0.09714997
0.68446127 0.66136966 -0.10949742
0.70496505 0.7248104 -0.09722233
0.69000674 0.65850268 -0.11117766
0.66933414 0.61599749 -0.11011784
0.6778874 0.6731448 -0.09818924
0.48358957 0.10328665 -0.16080047
0.66142896 0.63841543 -0.09641149
0.67755088 0.65678279 -0.10118614
0.67622185 0.64339892 -0.09071502
0.6830482 0.64767311 -0.09906241
0.59461982 0.47675833 -0.11312544
0.48840352 0.09980274 -0.16531117
0.68131439 0.65860957 -0.10069708
0.68151715 0.67463655 -0.09771729
0.66408808 0.62196665 -0.09914296
0.66455944 0.61074584 -0.09721385
0.68499791 0.65364601 -0.09822663
0.66912625 0.62366516 -0.09622255
0.63825319 0.56905686 -0.10250566
0.54859137 0.33477906 -0.1272513
0.41251315 0.05559004 -0.14957946
0.67931026 0.64225811 -0.09838006
0.59263768 0.46960127 -0.1219209
0.68555941 0.6849583 -0.0932019
0.44253315 0.09499224 -0.15405951
0.40361506 0.14608522 -0.13805696
0.38010869 0.18390239 -0.12902797
0.35508847 0.17812117 -0.12078273
0.47268016 0.22691941 -0.14344515
0.41292519 0.14847435 -0.1523985
0.45450595 0.08173722 -0.17168138
0.59826915 0.4712433 -0.12341525
0.61495215 0.49950833 -0.12957093
0.61495215 0.49950833 -0.12957093
0.58181865 0.45020665 -0.1378785
0.68998911 0.65393116 -0.11750528
0.54942279 0.34493857 -0.15293793
0.5119114 0.31410271 -0.14697104
0.3963053 0.17111754 -0.15099828
0.37843655 0.19816004 -0.14646358
0.46618592 0.14618282 -0.16541651
0.3963053 0.17111754 -0.15099828
0.67796456 0.61090186 -0.12947172
0.53918943 0.22981039 -0.17007379
0.45165307 0.17387886 -0.16013401
0.53918943 0.22981039 -0.17007379
0.67189677 0.59242588 -0.11927305
0.58507949 0.44945033 -0.14138956
0.67112397 0.6097035 -0.12796579
0.4612779 0.0899791 -0.18428821
0.65305171 0.56044242 -0.13203002
0.63257857 0.51986531 -0.13039869
0.58507949 0.44945033 -0.14138956
0.41708578 0.0483089 -0.17415908
0.64119125 0.56960422 -0.1245692
0.64205928 0.54707464 -0.12438903
0.65930601 0.58953122 -0.12462469
0.698124 0.65669483 -0.12205474
0.49480316 0.21516388 -0.16205756
0.42633225 0.12190515 -0.1565027
0.64205928 0.54707464 -0.12438903
0.61831801 0.4972615 -0.13199389
0.65562982 0.57481259 -0.12248802
0.63257857 0.51986531 -0.13039869
0.7012021 0.68984945 -0.12104107
0.65503509 0.58358609 -0.12477075
0.50680761 0.30026228 -0.14771722
0.51671872 0.22855948 -0.16103906
0.51671872 0.22855948 -0.16103906
0.69060093 0.68700181 -0.11428526
0.4830859 0.0768866 -0.18251733
0.64119125 0.56960422 -0.1245692
0.54198711 0.31777719 -0.15551972
0.55510848 0.30876996 -0.16000535
0.51671872 0.22855948 -0.16103906
0.52753601 0.27258979 -0.16231412
0.49929679 0.27437011 -0.1491543
0.46802985 0.15506604 -0.16340686
0.41446787 0.11553469 -0.15683996
0.5044691 0.19976213 -0.16692267
0.43409519 0.16490048 -0.15733535
0.47089074 0.1250094 -0.16859919
0.43409519 0.16490048 -0.15733535
0.47212668 0.14043422 -0.16082813
0.53136146 0.24072515 -0.16220895
0.43341509 0.10224397 -0.16729957
0.47014334 0.13836524 -0.16667768
0.47014334 0.13836524 -0.16667768
0.51946962 0.22243549 -0.16095621
0.46781438 0.12588694 -0.16917117
0.63890695 0.57583819 -0.125148
0.4676891 0.14127937 -0.17353725
0.58368452 0.36711505 -0.14758509
0.44942945 0.12842046 -0.16944322
0.47403014 0.08694464 -0.17943928
0.46726388 0.13286724 -0.16819186
0.44695539 0.0973334 -0.16138701
0.59656951 0.43876766 -0.13838416
0.56219758 0.36557771 -0.13972385
0.48493208 0.16588073 -0.16277802
0.50658902 0.11714328 -0.18000497
0.46495775 0.09355534 -0.16572423
0.58875427 0.39073899 -0.14517486
0.64911453 0.55069103 -0.13289887
0.44435621 0.09840065 -0.16860902
0.62539829 0.50941016 -0.12808471
0.45668188 0.08213723 -0.17130872
0.46495775 0.09355534 -0.16572423
0.56219758 0.36557771 -0.13972385
0.61552977 0.49122428 -0.1296705
0.65155079 0.5735231 -0.11505288
0.50017017 0.07701224 -0.1796825
0.67968777 0.62243215 -0.11557965
0.49293475 0.10138775 -0.17334853
0.68395856 0.65535013 -0.10734822
0.50889597 0.08240431 -0.18318346
0.50600337 0.09379151 -0.18111557
0.66367605 0.61856031 -0.10446929
0.43995021 0.07807669 -0.17128907
0.39878194 0.0448676 -0.16888955
0.65524059 0.73201351 -0.09290129
0.63375682 0.68959573 -0.09736642
0.39543381 -0.01733114 -0.17197215
0.43646101 0.03324753 -0.15124233
0.40306231 0.02782724 -0.15319301
0.46396315 0.08261779 -0.1414191
0.47023407 0.02565057 -0.1453845
0.45341666 0.05191205 -0.13776357
0.49254742 0.18579012 -0.11942701
0.7164504 0.7074158 -0.06814607
0.56637864 0.38621518 -0.09957046
0.50496872 0.06129389 -0.14074485
0.45690265 0.08999133 -0.13277729
0.63834556 0.54572446 -0.09017342
0.63820789 0.52414413 -0.09400836
0.63820789 0.52414413 -0.09400836
0.42928038 0.01964999 -0.14076395
0.42928038 0.01964999 -0.14076395
0.46752839 0.03154856 -0.12947002
0.43890571 0.02032524 -0.13153211
0.4752328 0.0056854 -0.14532264
0.47865247 0.00544022 -0.15037323
0.4284776 -0.00039297 -0.12930402
0.44825573 0.02413886 -0.13102094
0.44825573 0.02413886 -0.13102094
0.58169191 0.37524859 -0.09301782
0.44825573 0.02413886 -0.13102094
0.44825573 0.02413886 -0.13102094
0.44555592 0.1286065 -0.11243918
0.43810404 0.0423226 -0.1199007
0.39972462 0.10714495 -0.10546894
0.44495069 0.03064701 -0.12325717
0.6784766 0.59950564 -0.06698785
0.42443144 0.03791136 -0.12697531
0.63233033 0.52842629 -0.08024122
0.43029421 0.081993 -0.11963823
0.43128935 0.05309451 -0.12579974
0.44717509 0.02484944 -0.13004202
0.51121199 0.07439353 -0.13630497
0.44717509 0.02484944 -0.13004202
0.43029421 0.081993 -0.11963823
0.43731811 0.0582044 -0.11860106
0.71316051 0.66895028 -0.07009258
0.58078154 0.41656653 -0.08456988
0.4968083 0.07635386 -0.12508677
0.68908056 0.68112875 -0.05995701
0.64243166 0.53723206 -0.07341325
0.41467784 0.17298661 -0.08381911
0.43900678 0.04254199 -0.11949508
0.45160148 0.2193659 -0.08905121
0.68495523 0.6520967 -0.06893904
0.52772034 0.3371577 -0.08943367
0.40874395 0.0278893 -0.13318299
0.45577771 0.15301408 -0.11630706
0.57794617 0.41362955 -0.09186896
0.44717509 0.02484944 -0.13004202
0.45040549 0.19661378 -0.10906799
0.46211418 0.04570352 -0.14023014
0.38280852 0.10130397 -0.11209501
0.38280852 0.10130397 -0.11209501
0.38806155 0.10476094 -0.10736838
0.66017181 0.6103092 -0.08010355
0.49650146 0.26844367 -0.10248072
0.43655678 0.22857155 -0.10026629
0.62162915 0.51691639 -0.08431253
0.43900678 0.04254199 -0.11949508
0.4194006 0.17689317 -0.11223058
0.43338845 0.03965554 -0.12300754
0.44697632 0.00552247 -0.13242041
0.4618383 0.04637461 -0.12441662
0.4118169 0.0573057 -0.12196314
0.51977799 0.28521417 -0.11103316
0.4105289 0.04132647 -0.12223583
0.40874395 0.0278893 -0.13318299
0.51977799 0.28521417 -0.11103316
0.38806155 0.10476094 -0.10736838
0.41905014 0.19526378 -0.09694141
0.67220974 0.62892352 -0.07354207
0.3720672 0.13837295 -0.09323313
0.38806155 0.10476094 -0.10736838
0.40713329 0.10186071 -0.11488533
0.40713329 0.10186071 -0.11488533
0.40779678 0.15246712 -0.10842485
0.49650146 0.26844367 -0.10248072
0.37742103 0.09460269 -0.10313192
0.61118981 0.48344546 -0.08599781
0.53097737 0.25097623 -0.10624448
0.38186618 0.12560804 -0.11121489
0.42151677 0.16735907 -0.11017527
0.35539792 0.12332791 -0.10174438
0.40150722 0.05894134 -0.12098203
0.36376028 0.08729663 -0.10792515
0.38186618 0.12560804 -0.11121489
0.37544192 0.09614614 -0.11258704
0.37304087 0.12186417 -0.1009329
0.39886319 0.08099807 -0.1170592
0.41432283 0.064461 -0.13079022
0.40155921 0.14197042 -0.1101262
0.41497762 0.06159812 -0.11965733
0.38357418 0.05546975 -0.12497093
0.38454952 0.06174451 -0.12165596
0.39000023 0.12860342 -0.10725421
0.38454952 0.06174451 -0.12165596
0.41433979 0.09287349 -0.11666248
0.4244866 0.12024786 -0.11715126
0.38457184 0.0560658 -0.12525816
0.39206183 0.07487883 -0.11566372
0.39968061 0.06831613 -0.12737372
0.38450559 0.04520676 -0.12341518
0.40131424 0.14102437 -0.11600446
0.37064714 0.05265558 -0.1261506
0.41513224 0.06768379 -0.12861822
0.38805332 0.0677608 -0.12168875
0.40807146 0.08662265 -0.12614747
0.44129136 0.04499972 -0.1442385
0.38457854 0.03242052 -0.12726138
0.48592356 0.10646518 -0.13282963
0.40286006 0.05379596 -0.13232504
0.45665565 0.03128474 -0.13576364
0.41020305 0.0402118 -0.12462136
0.44117335 0.07206154 -0.12962767
0.50194954 0.04616511 -0.1472859
0.62007968 0.49738619 -0.09124277
0.4254622 0.02656777 -0.13503985
0.56623317 0.20049077 -0.12214066
0.71324262 0.72866212 -0.070129
0.4970603 0.05109414 -0.14181414
0.71551162 0.78314269 -0.05873553
0.39467471 0.01903237 -0.12094707
0.62609895 0.53928548 -0.0808321
0.40529483 0.02038076 -0.10965778
0.63620291 0.55387053 -0.07226831
0.51185636 0.10050984 -0.10941111
0.4920612 0.0509872 -0.11957179
0.51617637 0.0529653 -0.11429408
0.70628914 0.67778191 -0.04265672
0.70584403 0.65086313 -0.05048224
0.64202401 0.53855703 -0.05790879
0.67239445 0.58921749 -0.0516836
0.50721366 0.03101237 -0.12043753
0.58049138 0.30279373 -0.087851
0.5094547 0.04845655 -0.11342425
0.52681524 0.04016704 -0.11777809
0.4504702 0.01177126 -0.11005111
0.69417389 0.66614834 -0.04744543
0.71578575 0.70435975 -0.04222116
0.70305793 0.64831672 -0.04788593
0.66947031 0.60116262 -0.05399213
0.46748756 0.02369678 -0.11907097
0.41475741 0.10664197 -0.09149079
0.40642696 0.00790531 -0.11600902
0.39331021 0.0171454 -0.10172242
0.42071927 0.00771102 -0.11076615
0.43097526 0.05079458 -0.09800838
0.46491881 0.04980295 -0.11350208
0.44532851 0.04632949 -0.10661875
0.48508334 0.04824221 -0.10745606
0.49918115 0.05892597 -0.11434844
0.56672586 0.14485301 -0.10317695
0.5911169 0.26009142 -0.08181252
0.67227473 0.57771035 -0.0541311
0.68760972 0.62027113 -0.04576103
0.57724896 0.11172251 -0.103997
0.66264168 0.53078345 -0.05612748
0.6400526 0.43332639 -0.07079022
0.58148478 0.13250354 -0.1008169
0.69225062 0.62527325 -0.0449382
0.58740047 0.10776146 -0.10659119
0.49191515 0.03991013 -0.10068182
0.62042167 0.37908039 -0.07364664
0.47164468 0.12813745 -0.09122713
0.51902131 0.11272601 -0.10465644
0.4827754 0.04560284 -0.1101645
0.52964417 0.09507766 -0.10664562
0.68362392 0.6027014 -0.04514126
0.45660939 0.05654907 -0.10319333
0.4541828 0.04870911 -0.10176587
0.50939078 0.01228557 -0.11909383
0.62225291 0.45775737 -0.06624694
0.60612703 0.37337071 -0.07645871
0.57628136 0.24132318 -0.09687648
0.68568254 0.58520834 -0.04519273
0.46287316 0.00706092 -0.11684681
0.57472468 0.22617276 -0.098185
0.51307841 0.1602596 -0.10574693
0.55881633 0.14750897 -0.1116886
0.49838548 0.04077953 -0.13068627
0.71288099 0.67540564 -0.06618881
0.42999037 0.07737228 -0.11514919
0.46523427 0.04637132 -0.12947742
0.43715916 0.03695624 -0.12131977
0.42596187 0.00028789 -0.13252511
0.41806413 0.07187963 -0.11940675
0.40820862 0.10840057 -0.11424394
0.46592275 0.18163731 -0.10952303
0.425899 0.08164239 -0.12606488
0.36682127 0.11812371 -0.10984341
0.57095115 0.42448056 -0.09728266
0.43244323 0.097707 -0.13453881
0.45281504 0.13558853 -0.13598572
0.44682173 0.21350157 -0.13039603
0.41394204 0.07192237 -0.15582251
0.43683484 0.09688438 -0.15492044
0.41848822 0.08132575 -0.17982231
0.38595219 0.0696955 -0.19559274
0.34158267 0.03269359 -0.22209985
0.40879184 0.09141245 -0.24909588
0.35791746 0.07432323 -0.2663619
0.32269279 0.05096654 -0.28035037
0.32395337 0.09044983 -0.29085121
0.30973226 0.0451527 -0.30980215
0.30685459 0.05221414 -0.3159471
0.32506169 0.09437411 -0.31465699
0.3275813 0.07944424 -0.32599835
0.31421997 0.07331196 -0.33741508
0.28892738 0.0557003 -0.34731486
0.30657675 0.07331511 -0.34724271
0.30299255 0.04425038 -0.35782475
0.36658088 0.07771199 -0.35623247
0.30671313 0.07858796 -0.34817298
0.34453262 0.06995149 -0.35284133
0.42437945 0.14486321 -0.35028909
0.5037817 0.26292295 -0.34276142
0.43805745 0.13664813 -0.35781432
0.58825474 0.51918422 -0.31408076
0.32251684 0.15024589 -0.32425486
0.64424092 0.67061468 -0.29187524
0.4007284 0.12803601 -0.3412851
0.62254849 0.57753994 -0.30461255
0.59224378 0.57298796 -0.29574166
0.43036474 0.10366594 -0.34619208
0.58538143 0.55427005 -0.30257487
0.4346645 0.12111183 -0.3393099
0.39638045 0.10676287 -0.34404884
0.40711839 0.13232589 -0.35068035
0.37584042 0.12220637 -0.34866269
0.58253985 0.56057851 -0.31529446
0.33763297 0.09843119 -0.34538402
0.38616436 0.13572146 -0.35688202
0.33136587 0.2000684 -0.33364279
0.37095429 0.18105924 -0.33875669
0.3892574 0.2060697 -0.34103087
0.40091338 0.21714468 -0.34612056
0.38361417 0.25839066 -0.32991708
0.51007332 0.49892951 -0.30750228
0.45706119 0.3654977 -0.30516828
0.3386835 0.19869273 -0.31833829
0.366511 0.16572288 -0.31531927
0.46316677 0.18270885 -0.31698964
0.65737307 0.73714629 -0.24459806
0.64785586 0.70462334 -0.24713209
0.61583697 0.67107822 -0.24324801
0.66875655 0.73305026 -0.24099655
0.65929576 0.74456594 -0.2399378
0.66403858 0.73616643 -0.23564374
0.66616398 0.77486947 -0.21926234
0.69299368 0.78257219 -0.22842372
0.66810145 0.78129917 -0.2129343
0.65786569 0.75503109 -0.21121256
0.63643843 0.74817891 -0.20814537
0.6514353 0.76874038 -0.2068338
0.66987185 0.76909422 -0.20000271
0.69073839 0.82518777 -0.19909105
0.67229085 0.79172661 -0.18708189
0.65360635 0.77931239 -0.18809515
0.65967496 0.75185575 -0.19444852
0.6440867 0.72541853 -0.19239991
0.67414551 0.79786771 -0.18639587
0.67111834 0.80482444 -0.19125695
0.65570995 0.82472583 -0.17698536
0.64512391 0.77703583 -0.19613006
0.64664916 0.7647417 -0.19932497
0.6516222 0.79778715 -0.19184398
0.6731458 0.81859245 -0.17914473
0.67262846 0.80380338 -0.17775909
0.64530274 0.74463512 -0.18254097
0.6607459 0.76350084 -0.19094982
0.66504027 0.77427028 -0.18558562
0.67175607 0.77628339 -0.17877312
0.6598063 0.77951665 -0.18730262
0.65507385 0.79303609 -0.1684349
0.66388876 0.78187849 -0.17860478
0.67100927 0.78687246 -0.17473613
0.63233926 0.72310429 -0.17306956
0.65233768 0.77342158 -0.16933081
0.66958667 0.77828601 -0.16477541
0.64940746 0.75408701 -0.15565316
0.66232069 0.78860247 -0.15983822
0.66615499 0.80459113 -0.14566328
0.64428746 0.79220606 -0.14986785
0.60663571 0.76641198 -0.15692349
0.6161762 0.79111702 -0.15194186
0.60653303 0.77773382 -0.16156809
0.61181472 0.73677021 -0.16200419
0.60237407 0.68173727 -0.15259172
0.60654116 0.71353379 -0.14662996
0.64759117 0.77831558 -0.13672081
0.65084661 0.78663671 -0.12639813
0.66342891 0.80042263 -0.11793481
0.64629055 0.7689966 -0.1237618
0.62494009 0.7514887 -0.12081839
0.64184262 0.77357042 -0.11101786
0.62956568 0.75621796 -0.11085989
0.65446572 0.78127699 -0.10206686
0.6242153 0.75716815 -0.09650299
0.62721779 0.81940664 -0.07799142
0.59534917 0.81792945 -0.0733774
0.5373478 0.77364476 -0.05290584
0.52776819 0.77018036 -0.0416365
0.47749306 0.78652593 -0.02257848
0.48353181 0.77507614 -0.02300464
0.42886858 0.79744511 0.00951558
0.42615592 0.77562322 0.01582845
0.42164499 0.85374004 0.04892825
0.40203076 0.83059205 0.03827958
0.41335784 0.82397034 0.04529559
0.37920377 0.81730302 0.05973093
0.38216898 0.82225366 0.05786301
0.35870177 0.83302336 0.08664585
0.3886906 0.84149439 0.07449344
0.38510937 0.83038569 0.08327962
0.40032845 0.83216964 0.08931869
0.37593795 0.84346423 0.10039862
0.39948747 0.86046755 0.09439668
0.59522673 0.86590284 -3.19623936
0.40859848 0.83519323 0.09976208
0.40601489 0.84293786 0.11014786
0.4006704 0.8474852 0.12011911
0.38225086 0.8503384 0.12667787
0.37255779 0.82058058 0.12164067
0.39840299 0.84405931 0.12450315
0.68166851 0.92825364 -3.13061903
0.36507952 0.85002562 0.14081606
0.38804918 0.83883082 0.13688942
0.65605561 0.89696865 -3.14385841
0.41017473 0.84303866 0.131862
0.3989493 0.84760245 0.15227539
0.42759679 0.85505289 0.12636142
0.65026668 0.89430892 -3.13852338
0.42662377 0.84096149 0.13733136
0.42361894 0.8336464 0.137598
0.42560496 0.84588304 0.13212508
0.42252896 0.82460438 0.1368064
0.42431312 0.84833223 0.13966888
0.42415834 0.8193192 0.13338648
0.39122042 0.84160126 0.14699123
0.43469381 0.82501443 0.1339185
0.44951661 0.83384738 0.1328115
0.43695846 0.84100162 0.13509057
0.42643457 0.85024887 0.15149935
0.43343717 0.82645552 0.13449437
0.44712196 0.81694236 0.14132988
0.44519592 0.82549963 0.13385015
0.43913041 0.84134731 0.14067598
0.4439924 0.80314737 0.12280344
0.42513401 0.82048719 0.13953666
0.4416788 0.8145627 0.12719105
0.44409 0.82852564 0.12792692
0.64007344 0.79879951 -3.16289406
0.45326924 0.84965601 0.12359799
0.46097713 0.83091289 0.11552581
0.43943234 0.8265302 0.13045702
0.44106497 0.82534221 0.1211413
0.44766735 0.79781821 0.11187401
0.62640704 0.79219818 -3.15989796
0.62002572 0.80411782 -3.16646867
0.45020864 0.79918173 0.09634193
0.42601736 0.7779397 0.09304804
0.41357209 0.78875346 0.10225438
0.43842032 0.80451311 0.10080673
0.45280069 0.79899806 0.09765198
0.49281064 0.70377211 -3.19626191
0.45377253 0.73216713 0.07590579
0.43671794 0.76332124 0.1017603
0.46744189 0.78889036 0.10639006
0.48268316 0.79109303 0.11200247
0.44631442 0.78609486 0.1233542
0.45337312 0.7659081 0.11466955
0.46687974 0.76371452 0.10842888
0.47914006 0.74159517 0.11595232
0.469352 0.73334591 0.10679607
0.45829201 0.78506575 0.11540237
0.4781892 0.75313514 0.10950501
0.47272612 0.74817521 0.10706162
0.48112944 0.76204439 0.12178431
0.49019505 0.74398354 0.11898033
0.48843629 0.73198045 0.11438946
0.48874279 0.74968444 0.12200434
0.47604609 0.73381326 0.12716654
0.49663855 0.75143923 0.12647898
0.49835825 0.72721784 0.13404914
0.49585013 0.73524811 0.14467006
0.49892744 0.7422768 0.14789259
0.48025326 0.72430812 0.15748528
0.51829762 0.74953517 0.15961123
0.53411348 0.70711165 0.16066263
0.53069436 0.7306003 0.1571135
0.52933366 0.71250091 0.16261479
0.53324286 0.72941418 0.16782849
0.53511726 0.70263653 0.16456373
0.54037313 0.7020556 0.16664592
0.53693132 0.67447315 0.16283894
0.55142542 0.70067412 0.15763043
0.55114305 0.7088832 0.17032524
0.55450725 0.69242753 0.16269096
0.57720568 0.69435639 0.15914212
0.54242309 0.68920029 0.17136321
0.56177752 0.71555319 0.17677434
0.57494666 0.69025322 0.17077141
0.54344168 0.6923103 0.1711781
0.58001426 0.72162149 0.17438549
0.57588467 0.69354243 0.17059492
0.5718376 0.65983523 0.16725756
0.57028777 0.71294071 0.17400862
0.566229 0.66830105 0.15871964
0.58784955 0.70468654 0.16375188
0.57511707 0.69357931 0.16587073
0.5755698 0.66815377 0.16189298
0.57735371 0.69190754 0.15677536
0.57263119 0.66706156 0.15633534
0.58536618 0.68807626 0.16035619
0.57860264 0.66872174 0.15905762
0.55569059 0.66398183 0.15515747
0.53048359 0.64096982 0.16292773
0.5521144 0.62813816 0.15033962
0.52425077 0.59026838 0.1449086
0.52591202 0.57319704 0.14755089
0.50058616 0.57455029 0.1535998
0.51508842 0.53576468 0.14447602
0.52818251 0.5791243 0.15706744
0.54695219 0.52938638 0.13587878
0.55752713 0.54884319 0.13757681
0.53824094 0.50266325 0.1315362
0.55221577 0.49217756 0.1233918
0.54821625 0.49663837 0.12915737
0.54821625 0.49663837 0.12915737
0.5890957 0.52736351 0.11544263
0.59222257 0.54170147 0.12426647
0.5803993 0.5238782 0.1196441
0.57329879 0.52560978 0.13194922
0.55546655 0.50226871 0.11792044
0.58035524 0.51969574 0.122239
0.56367936 0.50077215 0.11617108
0.59639575 0.51272802 0.11393804
0.58989842 0.55079561 0.12796942
0.60655629 0.58913874 0.1259389
0.59150296 0.52641438 0.11914925
0.59583345 0.53649706 0.11777088
0.62356547 0.54550894 0.11841532
0.58921426 0.54438303 0.13020838
0.59710808 0.51575572 0.11644454
0.61796146 0.55306357 0.12908003
0.6176585 0.54563624 0.1310813
0.59150296 0.52641438 0.11914925
0.61565559 0.56483964 0.12646518
0.62525904 0.54742343 0.11282821
0.62922777 0.576413 0.13110286
0.64208543 0.58909378 0.12580527
0.63604085 0.58222212 0.12622975
0.61290373 0.50515783 0.12481678
0.63334013 0.55843354 0.12239249
0.62024711 0.5500192 0.11998332
0.64139856 0.56317576 0.12162801
0.61651842 0.54964004 0.12311123
0.60626348 0.50616783 0.11278354
0.6191843 0.54761794 0.11680825
0.64239172 0.58804523 0.12442001
0.63463045 0.58769873 0.12738646
0.64105083 0.52648454 0.10915933
0.64434188 0.55476568 0.11953559
0.64571705 0.55252467 0.10910289
0.66865971 0.5929883 0.1119131
0.6542797 0.57742126 0.10598362
0.69135293 0.63813549 0.09325233
0.71327421 0.63295893 0.07869487
0.6886026 0.59596372 0.06387347
0.72364056 0.68794371 0.06606166
0.72330532 0.70417081 0.06639439
0.70376125 0.60021595 0.05936767
0.71191405 0.60469932 0.05590337
0.70021169 0.61067969 0.06111932
0.71970368 0.61178287 0.06145893
0.71752284 0.6201897 0.0556752
0.72085629 0.65499617 0.06219866
0.72241999 0.60605065 0.05427622
0.71655218 0.57317311 0.04904234
0.70481801 0.5470474 0.03634398
0.71823809 0.62845689 0.05082381
0.67388556 0.5188288 0.02649081
0.66182412 0.4604111 0.01585176
0.71172408 0.58258029 0.01177404
0.61428175 0.29581949 -0.04433344
0.5819355 0.26236964 -0.08394562
0.54453578 0.16610335 -0.11536845
0.72237342 0.65363875 -0.08973611
0.70004102 0.63007834 -0.08913377
0.74497339 0.7253389 -0.08715653
0.72757106 0.69493798 -0.08338582
0.72878969 0.68729381 -0.08625334
0.71448891 0.62738849 -0.0843021
0.73483886 0.69466753 -0.08116304
0.72959415 0.69029031 -0.07536097
0.73335404 0.68017661 -0.0776053
0.7365385 0.66739925 -0.06517892
0.74197912 0.73858746 -0.06526154
0.73416096 0.7156759 -0.05609624
0.71697067 0.64293781 -0.06383885
0.73551657 0.70414804 -0.06368587
0.75832988 0.73008353 -0.06558226
0.73765299 0.66668275 -0.06371454
0.76048505 0.77219872 -0.0634618
0.7594544 0.77247813 -0.06886226
0.77007114 0.77827999 -0.07934626
0.77766282 0.77451293 -0.08545621
0.78145667 0.79068537 -0.09000331
0.77665345 0.7661854 -0.09146792
0.78679946 0.76506098 -0.0936133
0.76531663 0.78237052 -0.08383252
0.78632134 0.78800944 -0.08909542
0.77606959 0.76827201 -0.09551024
0.78162164 0.74999776 -0.09247031
0.76182828 0.7516714 -0.08279685
0.76723149 0.77824865 -0.08111577
0.76723149 0.77824865 -0.08111577
0.76187581 0.76998834 -0.07960692
0.77260967 0.77277281 -0.07631103
0.78816224 0.80622445 -0.07272017
0.77744983 0.79761865 -0.07478356
0.74701927 0.74982377 -0.07853492
0.74914206 0.7262646 -0.07953503
0.71958898 0.69522917 -0.08452711
0.71004625 0.69236627 -0.08226612
0.73809027 0.7023311 -0.07570441
0.73991563 0.72707343 -0.07178204
0.76319599 0.77700749 -0.07362658
0.7456388 0.73800669 -0.06575792
0.74294646 0.71639045 -0.06463432
0.75804356 0.75406583 -0.07025128
0.76068705 0.74055462 -0.07008184
0.7679895 0.75508725 -0.0736702
0.76592122 0.78528409 -0.06402906
0.76487294 0.76882265 -0.06444172
0.76487294 0.76882265 -0.06444172
0.76487294 0.76882265 -0.06444172
0.75791458 0.76983667 -0.06716559
0.76319466 0.76341731 -0.06253652
0.77532544 0.78868366 -0.05807318
0.76821489 0.78960007 -0.06080773
0.75791458 0.76983667 -0.06716559
0.76821489 0.78960007 -0.06080773
0.76821489 0.78960007 -0.06080773
0.76319466 0.76341731 -0.06253652
0.7617257 0.77758361 -0.05700615
0.74415243 0.73905896 -0.0618787
0.71859065 0.69093987 -0.07393593
0.72572971 0.69583457 -0.08123148
0.72234451 0.73103262 -0.07206698
0.73805109 0.73419631 -0.06427427
0.74353277 0.79765803 -0.06429951
0.74244824 0.74681715 -0.06173478
0.59118329 0.41850161 -0.09000274
0.74555504 0.71354509 -0.06327398
0.75589058 0.75798699 -0.0545201
0.7375074 0.73705313 -0.05850205
0.75746016 0.73902148 -0.05473532
0.7614341 0.77893706 -0.0552068
0.76397883 0.78380773 -0.05194293
0.76317969 0.81354257 -0.04893022
0.74007587 0.76929468 -0.05699167
0.77341088 0.77913935 -0.0558967
0.75545644 0.77828987 -0.0529154
0.75453513 0.75363399 -0.05080665
0.73269259 0.71863601 -0.05055647
0.76258135 0.77881876 -0.05101605
0.75230138 0.73871243 -0.05551354
0.73365098 0.7185442 -0.0554182
0.74235595 0.75365721 -0.05020176
0.76540488 0.76988868 -0.05348778
0.73651171 0.69324258 -0.06272612
0.75599602 0.71217125 -0.06068502
0.75002086 0.72426265 -0.05452131
0.73672409 0.69389848 -0.06026405
0.73170916 0.70774456 -0.05394054
0.72320196 0.64902249 -0.06359474
0.75320492 0.74877516 -0.05071557
0.71916623 0.66404396 -0.05720419
0.73854968 0.73469378 -0.04995284
0.74012859 0.71033049 -0.05677126
0.75930366 0.71271435 -0.06025744
0.74778539 0.71184603 -0.05830087
0.72020231 0.6901479 -0.05654502
0.74565288 0.7092559 -0.05053426
0.75327493 0.72465372 -0.05409841
0.75327493 0.72465372 -0.05409841
0.74565288 0.7092559 -0.05053426
0.73682817 0.66825219 -0.06018035
0.75594576 0.72730022 -0.06033631
0.73682817 0.66825219 -0.06018035
0.72222069 0.65945209 -0.05897729
0.7327664 0.64262314 -0.05955932
0.72222069 0.65945209 -0.05897729
0.71731344 0.63609993 -0.06461531
0.72657503 0.64332008 -0.06038488
0.70992299 0.6304768 -0.06161117
0.70992299 0.6304768 -0.06161117
0.73997906 0.68650804 -0.05505448
0.74782755 0.70286794 -0.0557953
0.71731344 0.63609993 -0.06461531
0.71731344 0.63609993 -0.06461531
0.75327493 0.72465372 -0.05409841
0.73682817 0.66825219 -0.06018035
0.74090148 0.70258973 -0.05686468
0.73997906 0.68650804 -0.05505448
0.72107042 0.65655909 -0.06411002
0.72038129 0.6401799 -0.05229679
0.75161102 0.69992955 -0.0526444
0.72222069 0.65945209 -0.05897729
0.73588513 0.66134921 -0.05437901
0.74857865 0.69327861 -0.05858097
0.70370428 0.63111209 -0.05785134
0.69842914 0.57964179 -0.0611686
0.70646498 0.58433241 -0.06263449
0.70646498 0.58433241 -0.06263449
0.6947778 0.55555618 -0.06031556
0.6947778 0.55555618 -0.06031556
0.72386353 0.6414072 -0.05812204
0.70646498 0.58433241 -0.06263449
0.72975539 0.64005149 -0.05965237
0.69434604 0.58012735 -0.06563416
0.70274801 0.65449761 -0.06099866
0.70907468 0.6860792 -0.05377489
0.70919069 0.68442355 -0.06232657
0.61189224 0.47888813 -0.06376906
0.59910163 0.43620915 -0.07530464
0.63272328 0.46539138 -0.07079794
0.5559329 0.39595174 -0.07311901
0.66933405 0.59624631 -0.06179085
0.51988945 0.11599633 -0.10181735
0.53610731 0.14226058 -0.09468956
0.71521043 0.7524494 -0.0308011
0.57199279 0.26793675 -0.07627907
0.51085616 0.12451297 -0.08256718
0.54436871 0.21831256 -0.07088865
0.71488049 0.71911463 -0.03138547
0.7139412 0.66139584 -0.03715176
0.67575902 0.54167529 -0.04294287
0.75517753 0.73582539 -0.02231981
0.74252049 0.73336676 -0.02243115
0.75445988 0.72823102 -0.02580525
0.74597829 0.72618203 -0.02341721
0.75025021 0.72282953 -0.0293509
0.75295429 0.74842649 -0.02560644
0.73905157 0.70212768 -0.03278842
0.73888307 0.74481194 -0.01811564
0.73848319 0.71297997 -0.03034182
0.74164334 0.69182958 -0.03652784
0.54661666 0.16941236 -0.07878314
0.75737126 0.76089484 -0.01897169
0.72147568 0.66303322 -0.03574952
0.70314669 0.6516527 -0.03555675
0.47517133 0.12568725 -0.08201054
0.5544471 0.17907973 -0.08763944
0.69134852 0.59328475 -0.04406324
0.65247123 0.51621064 -0.03775009
0.70847299 0.62381871 -0.03393858
0.75255359 0.72402065 -0.02629048
0.72894108 0.69053049 -0.01866431
0.73298508 0.65172771 -0.02776896
0.73177453 0.65571365 -0.03251953
0.70818878 0.64117089 -0.03715854
0.70507984 0.61231132 -0.03650312
0.74968658 0.71472413 -0.02486689
0.73105486 0.66575413 -0.02742849
0.73852912 0.71245765 -0.02523263
0.52936943 0.2091982 -0.07311511
0.74005529 0.74753542 -0.01109935
0.6728719 0.51249265 -0.03542548
0.7569423 0.73494081 -0.01307004
0.72155743 0.64233812 -0.02090251
0.64256541 0.25104506 -0.06980226
0.71276498 0.63672082 -0.0142129
0.71875513 0.63606884 -0.01535198
0.5466075 0.20425656 -0.05666143
0.56307987 0.17000988 -0.05460464
0.52217485 0.19222581 -0.03875562
0.64921455 0.5176871 0.01582091
0.51495155 0.06891196 -0.02784966
0.46076913 0.17243954 0.02441656
0.61118792 0.25120879 0.01724295
0.57189715 0.06126953 0.00723056
0.56937447 0.06732035 0.01689244
0.55457214 0.05556523 0.0309961
0.59928593 0.2097649 0.06761481
0.74485971 0.67543158 0.12666961
0.72811627 0.58075003 0.12036078
0.53396928 0.01788637 0.05560374
0.57549529 0.10713063 0.06772751
0.70719023 0.51692098 0.12176153
0.57207251 0.04868471 0.05502371
0.58129065 0.06557229 0.06135777
0.69600453 0.47627901 0.11571201
0.56655323 0.04525269 0.05679954
0.71920619 0.52212268 0.11076954
0.68898526 0.45448166 0.10600244
0.57243386 0.07607861 0.05530208
0.58336446 0.0235491 0.04768567
0.67720831 0.39737536 0.1078495
0.72813316 0.62087045 0.12675909
0.66403818 0.40305977 0.11542747
0.72992827 0.54688149 0.13036695
0.60846297 0.15208156 0.08575743
0.61016294 0.13318762 0.08805771
0.57928331 0.07001604 0.08082056
0.62066837 0.15368071 0.08589727
0.56628336 0.06556806 0.08276507
0.55810184 0.05923461 0.08513251
0.57138012 0.06821424 0.08450765
0.58901293 0.05807871 0.07355181
0.56751105 0.05952549 0.07939883
0.58638443 0.09843132 0.08697293
0.5705892 0.06272736 0.075695
0.62004041 0.18440165 0.0827248
0.56099448 0.0999625 0.08301704
0.5639281 0.08973555 0.07116235
0.56813168 0.13074895 0.08152799
0.5488641 0.09733651 0.08073562
0.56349898 0.09942699 0.08310284
0.59154199 0.09927339 0.0711951
0.59154199 0.09927339 0.0711951
0.57927013 0.0937372 0.06290704
0.6459546 0.26828131 0.09244472
0.69717505 0.45554383 0.1058303
0.56932503 0.23868143 0.09513879
0.61133843 0.11427651 0.06481102
0.61061858 0.19062345 0.07737713
0.56178032 0.14041278 0.07565939
0.61472538 0.20501846 0.07449668
0.60177773 0.19620686 0.07948992
0.61472538 0.20501846 0.07449668
0.61472538 0.20501846 0.07449668
0.62174827 0.20417735 0.07772739
0.61472538 0.20501846 0.07449668
0.57233663 0.14938772 0.07323908
0.60336269 0.12954914 0.06492917
0.61472538 0.20501846 0.07449668
0.61379458 0.23299256 0.07494758
0.53041238 0.05429994 0.05652669
0.61379458 0.23299256 0.07494758
